0 0
1 0
2 0
3 0
4 0
5 0
6 0
7 0
8 0
9 0
10 0
11 0
12 0
13 0
14 0
15 0
16 0
17 0
18 0
19 0
20 0
21 0
22 0
23 0
24 0
25 0
26 0
27 0
28 0
29 0
30 0
31 0
32 0
33 0
34 0
35 0
36 0
37 0
38 0
39 0
40 0
41 0
42 0
43 0
44 0
45 0
46 0
47 0
48 0
49 0
50 0
51 0
52 1
53 1
54 1
55 0
56 0
57 0
58 0
59 0
60 1
61 0
62 0
63 0
64 0
65 1
66 0
67 1
68 1
69 0
70 1
71 1
72 0
73 1
74 1
75 1
76 2
77 1
78 1
79 1
80 1
81 1
82 1
83 2
84 0
85 0
86 2
87 1
88 1
89 2
90 3
91 5
92 3
93 1
94 2
95 2
96 1
97 1
98 4
99 4
100 3
101 3
102 5
103 2
104 1
105 8
106 1
107 3
108 1
109 1
110 2
111 3
112 3
113 3
114 4
115 3
116 2
117 2
118 6
119 10
120 0
121 5
122 2
123 5
124 3
125 6
126 2
127 2
128 2
129 1
130 3
131 3
132 1
133 4
134 3
135 3
136 2
137 3
138 5
139 5
140 2
141 4
142 4
143 0
144 5
145 6
146 4
147 6
148 2
149 6
150 2
151 3
152 4
153 3
154 2
155 5
156 3
157 7
158 3
159 3
160 5
161 5
162 9
163 1
164 4
165 0
166 2
167 4
168 2
169 4
170 5
171 5
172 5
173 4
174 2
175 10
176 7
177 3
178 8
179 5
180 4
181 5
182 2
183 4
184 5
185 3
186 4
187 1
188 7
189 5
190 6
191 6
192 4
193 4
194 6
195 7
196 2
197 5
198 2
199 8
200 6
201 6
202 2
203 2
204 10
205 6
206 5
207 5
208 5
209 7
210 5
211 3
212 4
213 4
214 9
215 2
216 9
217 8
218 6
219 3
220 3
221 7
222 3
223 3
224 9
225 6
226 3
227 4
228 8
229 9
230 0
231 5
232 2
233 6
234 2
235 5
236 1
237 4
238 2
239 7
240 4
241 7
242 4
243 2
244 7
245 10
246 6
247 2
248 2
249 6
250 7
251 5
252 5
253 8
254 3
255 3
256 4
257 5
258 5
259 5
260 3
261 6
262 7
263 6
264 4
265 6
266 7
267 4
268 4
269 5
270 3
271 2
272 5
273 5
274 7
275 6
276 5
277 2
278 2
279 5
280 5
281 7
282 4
283 7
284 2
285 5
286 5
287 6
288 5
289 6
290 8
291 4
292 4
293 6
294 4
295 6
296 4
297 2
298 11
299 8
300 6
301 1
302 11
303 5
304 7
305 4
306 8
307 8
308 13
309 8
310 7
311 5
312 8
313 5
314 3
315 9
316 4
317 1
318 7
319 6
320 4
321 6
322 4
323 6
324 5
325 6
326 5
327 6
328 6
329 6
330 6
331 3
332 5
333 5
334 6
335 3
336 8
337 6
338 9
339 9
340 4
341 2
342 10
343 6
344 6
345 4
346 3
347 4
348 4
349 3
350 4
351 5
352 6
353 5
354 10
355 8
356 8
357 14
358 11
359 2
360 3
361 5
362 3
363 1
364 8
365 7
366 3
367 7
368 6
369 3
370 7
371 7
372 3
373 8
374 7
375 6
376 3
377 5
378 6
379 4
380 3
381 5
382 4
383 6
384 5
385 4
386 4
387 5
388 9
389 4
390 5
391 5
392 10
393 10
394 4
395 4
396 9
397 4
398 3
399 6
400 8
401 7
402 0
403 6
404 7
405 5
406 10
407 5
408 6
409 9
410 6
411 2
412 4
413 4
414 5
415 9
416 3
417 6
418 5
419 4
420 1
421 8
422 6
423 11
424 9
425 7
426 4
427 11
428 5
429 13
430 5
431 5
432 6
433 5
434 3
435 5
436 5
437 3
438 4
439 4
440 8
441 5
442 5
443 8
444 3
445 7
446 3
447 7
448 7
449 4
450 5
451 5
452 3
453 9
454 5
455 5
456 7
457 5
458 10
459 6
460 4
461 6
462 6
463 4
464 8
465 2
466 5
467 3
468 9
469 9
470 7
471 8
472 5
473 7
474 8
475 5
476 5
477 4
478 5
479 7
480 8
481 4
482 9
483 5
484 8
485 5
486 3
487 5
488 0
489 8
490 2
491 1
492 10
493 5
494 5
495 7
496 5
497 8
498 5
499 7
500 9
501 4
502 2
503 7
504 6
505 11
506 4
507 8
508 7
509 5
510 3
511 7
512 6
513 7
514 9
515 3
516 7
517 5
518 7
519 8
520 5
521 9
522 11
523 8
524 6
525 4
526 8
527 12
528 7
529 8
530 3
531 6
532 4
533 1
534 3
535 8
536 4
537 5
538 12
539 9
540 6
541 5
542 8
543 1
544 8
545 5
546 8
547 7
548 5
549 5
550 9
551 9
552 2
553 4
554 7
555 7
556 4
557 5
558 4
559 8
560 6
561 4
562 10
563 4
564 3
565 7
566 9
567 3
568 4
569 7
570 4
571 5
572 5
573 8
574 8
575 3
576 9
577 6
578 6
579 6
580 3
581 3
582 5
583 7
584 3
585 5
586 5
587 6
588 4
589 5
590 8
591 12
592 4
593 11
594 3
595 7
596 9
597 4
598 3
599 7
600 5
601 5
602 10
603 5
604 4
605 9
606 3
607 7
608 4
609 4
610 4
611 6
612 5
613 6
614 3
615 7
616 9
617 3
618 3
619 9
620 1
621 6
622 5
623 5
624 4
625 4
626 8
627 10
628 8
629 4
630 4
631 4
632 8
633 6
634 7
635 4
636 9
637 7
638 5
639 7
640 7
641 4
642 2
643 3
644 8
645 2
646 5
647 8
648 8
649 4
650 6
651 10
652 7
653 7
654 6
655 3
656 6
657 9
658 6
659 9
660 9
661 6
662 7
663 6
664 9
665 6
666 5
667 5
668 4
669 11
670 8
671 4
672 10
673 4
674 6
675 7
676 7
677 6
678 4
679 3
680 4
681 6
682 5
683 8
684 4
685 7
686 7
687 6
688 6
689 4
690 6
691 5
692 5
693 5
694 3
695 5
696 6
697 6
698 5
699 4
700 9
701 3
702 6
703 7
704 7
705 5
706 7
707 5
708 5
709 4
710 5
711 4
712 4
713 3
714 5
715 5
716 17
717 9
718 5
719 8
720 10
721 7
722 9
723 6
724 3
725 6
726 4
727 10
728 2
729 3
730 6
731 6
732 6
733 3
734 5
735 3
736 6
737 9
738 9
739 8
740 4
741 3
742 5
743 11
744 6
745 5
746 9
747 7
748 7
749 8
750 9
751 6
752 3
753 1
754 8
755 8
756 4
757 8
758 5
759 7
760 2
761 7
762 6
763 7
764 12
765 3
766 8
767 8
768 4
769 9
770 2
771 9
772 5
773 3
774 5
775 4
776 5
777 5
778 7
779 7
780 5
781 7
782 6
783 7
784 4
785 6
786 4
787 11
788 10
789 5
790 9
791 6
792 1
793 10
794 3
795 6
796 5
797 5
798 6
799 5
800 3
801 5
802 6
803 7
804 4
805 8
806 3
807 6
808 2
809 5
810 6
811 6
812 7
813 7
814 2
815 7
816 5
817 4
818 4
819 6
820 11
821 10
822 8
823 6
824 6
825 5
826 5
827 10
828 5
829 9
830 6
831 6
832 5
833 5
834 4
835 9
836 7
837 4
838 7
839 8
840 2
841 8
842 3
843 3
844 8
845 3
846 6
847 8
848 3
849 5
850 2
851 1
852 6
853 4
854 4
855 5
856 5
857 6
858 3
859 4
860 4
861 6
862 5
863 5
864 8
865 8
866 6
867 5
868 11
869 9
870 3
871 10
872 3
873 6
874 5
875 4
876 8
877 4
878 6
879 11
880 8
881 6
882 9
883 8
884 6
885 8
886 5
887 4
888 9
889 10
890 6
891 4
892 5
893 5
894 7
895 5
896 8
897 6
898 10
899 7
900 5
901 8
902 9
903 6
904 10
905 9
906 8
907 5
908 7
909 11
910 6
911 7
912 6
913 5
914 2
915 6
916 5
917 7
918 5
919 4
920 7
921 7
922 6
923 8
924 4
925 5
926 8
927 5
928 7
929 6
930 4
931 7
932 7
933 5
934 5
935 10
936 6
937 4
938 3
939 6
940 7
941 4
942 7
943 7
944 5
945 6
946 10
947 7
948 5
949 5
950 5
951 7
952 5
953 6
954 5
955 1
956 4
957 7
958 10
959 7
960 5
961 3
962 7
963 10
964 4
965 5
966 9
967 5
968 4
969 8
970 5
971 7
972 6
973 7
974 13
975 4
976 8
977 3
978 5
979 5
980 10
981 7
982 6
983 5
984 7
985 11
986 7
987 6
988 8
989 4
990 10
991 11
992 12
993 7
994 6
995 10
996 6
997 5
998 7
999 4
1000 11
1001 7
1002 6
1003 9
1004 4
1005 1
1006 6
1007 7
1008 4
1009 4
1010 9
1011 4
1012 4
1013 4
1014 1
1015 3
1016 3
1017 10
1018 2
1019 9
1020 5
1021 7
1022 5
1023 8
1024 6
1025 12
1026 7
1027 7
1028 7
1029 4
1030 7
1031 10
1032 7
1033 6
1034 7
1035 5
1036 3
1037 6
1038 6
1039 6
1040 10
1041 3
1042 5
1043 9
1044 9
1045 8
1046 4
1047 1
1048 8
1049 7
1050 5
1051 8
1052 6
1053 4
1054 11
1055 7
1056 5
1057 8
1058 3
1059 8
1060 4
1061 4
1062 4
1063 10
1064 7
1065 8
1066 7
1067 4
1068 3
1069 7
1070 6
1071 5
1072 16
1073 5
1074 6
1075 12
1076 6
1077 5
1078 9
1079 9
1080 5
1081 6
1082 2
1083 8
1084 11
1085 9
1086 7
1087 7
1088 11
1089 5
1090 4
1091 2
1092 1
1093 7
1094 4
1095 4
1096 4
1097 6
1098 10
1099 7
1100 7
1101 2
1102 7
1103 5
1104 7
1105 9
1106 10
1107 4
1108 3
1109 9
1110 7
1111 7
1112 6
1113 12
1114 9
1115 4
1116 7
1117 3
1118 6
1119 5
1120 1
1121 11
1122 6
1123 8
1124 6
1125 2
1126 6
1127 3
1128 4
1129 9
1130 6
1131 6
1132 6
1133 5
1134 7
1135 10
1136 8
1137 6
1138 4
1139 6
1140 3
1141 6
1142 3
1143 5
1144 7
1145 2
1146 5
1147 3
1148 7
1149 6
1150 8
1151 6
1152 4
1153 8
1154 11
1155 5
1156 5
1157 8
1158 5
1159 8
1160 8
1161 13
1162 5
1163 4
1164 7
1165 13
1166 2
1167 4
1168 8
1169 7
1170 10
1171 8
1172 4
1173 9
1174 8
1175 7
1176 4
1177 9
1178 8
1179 5
1180 1
1181 4
1182 5
1183 4
1184 7
1185 6
1186 3
1187 5
1188 9
1189 4
1190 8
1191 5
1192 7
1193 5
1194 2
1195 8
1196 9
1197 6
1198 6
1199 6
1200 13
1201 6
1202 3
1203 4
1204 3
1205 11
1206 8
1207 7
1208 8
1209 5
1210 6
1211 5
1212 8
1213 8
1214 7
1215 8
1216 8
1217 3
1218 6
1219 9
1220 2
1221 9
1222 4
1223 6
1224 5
1225 10
1226 9
1227 12
1228 7
1229 4
1230 3
1231 4
1232 5
1233 12
1234 5
1235 7
1236 5
1237 6
1238 6
1239 9
1240 8
1241 8
1242 6
1243 7
1244 6
1245 8
1246 5
1247 4
1248 5
1249 5
1250 5
1251 7
1252 12
1253 3
1254 4
1255 8
1256 9
1257 8
1258 3
1259 5
1260 12
1261 7
1262 9
1263 5
1264 7
1265 9
1266 4
1267 8
1268 3
1269 7
1270 8
1271 8
1272 4
1273 7
1274 10
1275 1
1276 7
1277 9
1278 6
1279 4
1280 7
1281 5
1282 8
1283 3
1284 5
1285 3
1286 4
1287 7
1288 0
1289 6
1290 8
1291 8
1292 3
1293 5
1294 4
1295 8
1296 8
1297 9
1298 3
1299 8
1300 3
1301 4
1302 6
1303 7
1304 5
1305 6
1306 6
1307 1
1308 4
1309 8
1310 6
1311 6
1312 5
1313 7
1314 6
1315 4
1316 6
1317 6
1318 10
1319 9
1320 5
1321 8
1322 3
1323 8
1324 9
1325 4
1326 4
1327 4
1328 4
1329 4
1330 5
1331 4
1332 9
1333 4
1334 6
1335 4
1336 6
1337 7
1338 5
1339 7
1340 5
1341 5
1342 8
1343 10
1344 10
1345 4
1346 7
1347 8
1348 4
1349 3
1350 7
1351 7
1352 3
1353 5
1354 10
1355 4
1356 6
1357 6
1358 10
1359 5
1360 3
1361 4
1362 7
1363 7
1364 6
1365 6
1366 3
1367 8
1368 4
1369 3
1370 2
1371 5
1372 6
1373 7
1374 6
1375 7
1376 4
1377 6
1378 10
1379 9
1380 9
1381 4
1382 6
1383 4
1384 7
1385 10
1386 10
1387 6
1388 5
1389 7
1390 3
1391 5
1392 5
1393 3
1394 5
1395 9
1396 5
1397 5
1398 6
1399 5
1400 9
1401 8
1402 5
1403 3
1404 4
1405 6
1406 4
1407 7
1408 6
1409 4
1410 7
1411 3
1412 7
1413 0
1414 10
1415 7
1416 7
1417 3
1418 4
1419 7
1420 4
1421 8
1422 5
1423 5
1424 9
1425 6
1426 5
1427 8
1428 4
1429 6
1430 5
1431 8
1432 4
1433 6
1434 7
1435 3
1436 4
1437 7
1438 9
1439 9
1440 8
1441 8
1442 3
1443 7
1444 5
1445 1
1446 9
1447 7
1448 4
1449 8
1450 6
1451 10
1452 2
1453 8
1454 8
1455 1
1456 6
1457 7
1458 1
1459 10
1460 5
1461 4
1462 7
1463 9
1464 1
1465 4
1466 3
1467 8
1468 5
1469 2
1470 6
1471 9
1472 8
1473 6
1474 8
1475 5
1476 9
1477 6
1478 2
1479 5
1480 2
1481 8
1482 3
1483 2
1484 3
1485 7
1486 7
1487 6
1488 9
1489 5
1490 6
1491 7
1492 4
1493 5
1494 4
1495 11
1496 5
1497 6
1498 12
1499 5
1500 5
1501 7
1502 6
1503 6
1504 5
1505 7
1506 3
1507 5
1508 9
1509 7
1510 11
1511 4
1512 9
1513 1
1514 4
1515 10
1516 4
1517 6
1518 5
1519 5
1520 5
1521 4
1522 10
1523 5
1524 7
1525 5
1526 4
1527 5
1528 9
1529 9
1530 5
1531 2
1532 4
1533 7
1534 8
1535 9
1536 5
1537 3
1538 6
1539 11
1540 6
1541 8
1542 5
1543 3
1544 5
1545 8
1546 4
1547 5
1548 11
1549 5
1550 6
1551 10
1552 5
1553 9
1554 5
1555 13
1556 5
1557 3
1558 6
1559 4
1560 8
1561 6
1562 6
1563 5
1564 1
1565 9
1566 6
1567 3
1568 5
1569 9
1570 5
1571 7
1572 3
1573 6
1574 7
1575 5
1576 8
1577 9
1578 7
1579 4
1580 2
1581 4
1582 5
1583 2
1584 4
1585 4
1586 5
1587 3
1588 8
1589 6
1590 7
1591 4
1592 6
1593 13
1594 2
1595 7
1596 5
1597 11
1598 8
1599 9
1600 7
1601 4
1602 8
1603 10
1604 8
1605 6
1606 13
1607 4
1608 11
1609 7
1610 6
1611 5
1612 4
1613 4
1614 4
1615 6
1616 4
1617 3
1618 7
1619 6
1620 7
1621 6
1622 9
1623 8
1624 8
1625 8
1626 3
1627 8
1628 5
1629 7
1630 9
1631 3
1632 6
1633 6
1634 9
1635 8
1636 9
1637 9
1638 3
1639 10
1640 2
1641 2
1642 5
1643 8
1644 3
1645 6
1646 4
1647 13
1648 5
1649 5
1650 8
1651 5
1652 8
1653 7
1654 7
1655 3
1656 5
1657 6
1658 6
1659 7
1660 3
1661 3
1662 9
1663 4
1664 9
1665 10
1666 5
1667 4
1668 9
1669 9
1670 6
1671 2
1672 9
1673 10
1674 7
1675 3
1676 4
1677 4
1678 5
1679 8
1680 4
1681 7
1682 7
1683 9
1684 6
1685 9
1686 3
1687 8
1688 5
1689 8
1690 4
1691 6
1692 4
1693 7
1694 7
1695 2
1696 6
1697 6
1698 9
1699 3
1700 4
1701 4
1702 7
1703 6
1704 10
1705 5
1706 3
1707 5
1708 7
1709 6
1710 5
1711 5
1712 13
1713 2
1714 8
1715 4
1716 5
1717 10
1718 9
1719 6
1720 3
1721 7
1722 7
1723 5
1724 7
1725 5
1726 3
1727 7
1728 10
1729 5
1730 3
1731 8
1732 8
1733 7
1734 10
1735 6
1736 10
1737 6
1738 5
1739 4
1740 3
1741 3
1742 8
1743 7
1744 4
1745 10
1746 6
1747 6
1748 8
1749 7
1750 7
1751 6
1752 5
1753 4
1754 8
1755 11
1756 6
1757 8
1758 8
1759 6
1760 3
1761 2
1762 5
1763 4
1764 5
1765 5
1766 5
1767 8
1768 7
1769 5
1770 6
1771 7
1772 5
1773 4
1774 8
1775 4
1776 7
1777 10
1778 10
1779 7
1780 14
1781 7
1782 9
1783 6
1784 8
1785 4
1786 9
1787 7
1788 13
1789 5
1790 8
1791 8
1792 5
1793 3
1794 8
1795 4
1796 4
1797 8
1798 6
1799 10
1800 4
1801 6
1802 5
1803 6
1804 8
1805 5
1806 2
1807 9
1808 9
1809 9
1810 4
1811 8
1812 4
1813 7
1814 11
1815 2
1816 5
1817 6
1818 9
1819 6
1820 4
1821 5
1822 10
1823 8
1824 2
1825 4
1826 4
1827 8
1828 10
1829 5
1830 4
1831 12
1832 7
1833 5
1834 9
1835 5
1836 7
1837 8
1838 4
1839 4
1840 9
1841 2
1842 4
1843 3
1844 6
1845 6
1846 6
1847 6
1848 6
1849 10
1850 7
1851 8
1852 6
1853 6
1854 0
1855 9
1856 8
1857 8
1858 4
1859 4
1860 3
1861 7
1862 5
1863 2
1864 4
1865 5
1866 10
1867 10
1868 5
1869 7
1870 4
1871 8
1872 7
1873 8
1874 1
1875 6
1876 6
1877 9
1878 9
1879 7
1880 6
1881 9
1882 9
1883 11
1884 4
1885 7
1886 8
1887 9
1888 8
1889 9
1890 2
1891 3
1892 8
1893 4
1894 5
1895 12
1896 8
1897 5
1898 7
1899 4
1900 5
1901 2
1902 8
1903 13
1904 8
1905 10
1906 5
1907 3
1908 6
1909 8
1910 4
1911 4
1912 16
1913 7
1914 3
1915 8
1916 2
1917 11
1918 9
1919 7
1920 4
1921 8
1922 3
1923 5
1924 9
1925 7
1926 5
1927 6
1928 8
1929 5
1930 6
1931 10
1932 6
1933 3
1934 5
1935 7
1936 7
1937 4
1938 5
1939 0
1940 7
1941 5
1942 9
1943 6
1944 7
1945 14
1946 9
1947 5
1948 10
1949 8
1950 7
1951 10
1952 12
1953 5
1954 6
1955 8
1956 3
1957 1
1958 8
1959 2
1960 4
1961 9
1962 5
1963 3
1964 9
1965 10
1966 5
1967 10
1968 2
1969 6
1970 8
1971 8
1972 7
1973 7
1974 4
1975 10
1976 10
1977 1
1978 8
1979 6
1980 8
1981 6
1982 7
1983 6
1984 5
1985 6
1986 8
1987 5
1988 6
1989 7
1990 8
1991 9
1992 5
1993 0
1994 8
1995 5
1996 6
1997 6
1998 5
1999 10
2000 6
2001 6
2002 3
2003 5
2004 4
2005 7
2006 3
2007 7
2008 5
2009 8
2010 8
2011 13
2012 9
2013 6
2014 10
2015 9
2016 7
2017 9
2018 6
2019 5
2020 7
2021 4
2022 4
2023 7
2024 8
2025 7
2026 7
2027 7
2028 6
2029 7
2030 7
2031 5
2032 5
2033 12
2034 8
2035 4
2036 6
2037 12
2038 8
2039 7
2040 6
2041 8
2042 7
2043 12
2044 4
2045 4
2046 11
2047 12
2048 5
2049 9
2050 3
2051 7
2052 7
2053 6
2054 10
2055 4
2056 7
2057 7
2058 5
2059 7
2060 8
2061 7
2062 6
2063 3
2064 6
2065 5
2066 5
2067 9
2068 6
2069 12
2070 5
2071 6
2072 5
2073 3
2074 8
2075 7
2076 8
2077 2
2078 7
2079 6
2080 5
2081 5
2082 5
2083 11
2084 11
2085 4
2086 7
2087 7
2088 5
2089 3
2090 6
2091 6
2092 5
2093 5
2094 10
2095 5
2096 6
2097 4
2098 5
2099 2
2100 5
2101 7
2102 9
2103 6
2104 7
2105 7
2106 3
2107 8
2108 5
2109 3
2110 8
2111 4
2112 7
2113 7
2114 6
2115 4
2116 9
2117 5
2118 7
2119 8
2120 10
2121 7
2122 3
2123 0
2124 11
2125 5
2126 2
2127 6
2128 3
2129 5
2130 8
2131 5
2132 6
2133 7
2134 5
2135 9
2136 6
2137 8
2138 6
2139 10
2140 8
2141 5
2142 4
2143 4
2144 9
2145 5
2146 5
2147 2
2148 7
2149 8
2150 5
2151 6
2152 5
2153 6
2154 4
2155 4
2156 6
2157 7
2158 5
2159 6
2160 6
2161 2
2162 4
2163 8
2164 3
2165 8
2166 5
2167 3
2168 3
2169 8
2170 6
2171 6
2172 4
2173 3
2174 6
2175 4
2176 4
2177 10
2178 8
2179 8
2180 2
2181 11
2182 8
2183 6
2184 5
2185 5
2186 7
2187 7
2188 5
2189 6
2190 6
2191 5
2192 3
2193 7
2194 7
2195 14
2196 3
2197 9
2198 9
2199 10
2200 10
2201 8
2202 3
2203 6
2204 2
2205 1
2206 6
2207 8
2208 7
2209 4
2210 11
2211 6
2212 9
2213 5
2214 4
2215 7
2216 9
2217 3
2218 5
2219 6
2220 8
2221 10
2222 6
2223 3
2224 7
2225 4
2226 3
2227 3
2228 5
2229 5
2230 6
2231 7
2232 7
2233 8
2234 7
2235 6
2236 8
2237 5
2238 8
2239 7
2240 7
2241 7
2242 8
2243 8
2244 6
2245 6
2246 7
2247 7
2248 12
2249 7
2250 3
2251 4
2252 6
2253 6
2254 5
2255 9
2256 7
2257 6
2258 7
2259 4
2260 6
2261 4
2262 7
2263 8
2264 11
2265 3
2266 8
2267 8
2268 3
2269 4
2270 7
2271 5
2272 6
2273 5
2274 7
2275 4
2276 10
2277 9
2278 2
2279 5
2280 7
2281 10
2282 7
2283 8
2284 2
2285 8
2286 7
2287 8
2288 8
2289 5
2290 8
2291 6
2292 7
2293 4
2294 5
2295 6
2296 4
2297 8
2298 2
2299 4
2300 10
2301 5
2302 10
2303 8
2304 4
2305 10
2306 10
2307 7
2308 12
2309 4
2310 4
2311 5
2312 8
2313 5
2314 8
2315 7
2316 7
2317 6
2318 9
2319 7
2320 5
2321 6
2322 4
2323 5
2324 8
2325 9
2326 7
2327 8
2328 3
2329 4
2330 4
2331 3
2332 10
2333 3
2334 6
2335 7
2336 6
2337 7
2338 3
2339 1
2340 7
2341 7
2342 3
2343 3
2344 4
2345 7
2346 3
2347 6
2348 8
2349 8
2350 8
2351 2
2352 4
2353 4
2354 5
2355 4
2356 7
2357 7
2358 8
2359 10
2360 13
2361 4
2362 6
2363 7
2364 4
2365 9
2366 6
2367 2
2368 7
2369 7
2370 6
2371 6
2372 4
2373 10
2374 4
2375 7
2376 6
2377 6
2378 6
2379 9
2380 3
2381 7
2382 6
2383 5
2384 9
2385 5
2386 7
2387 6
2388 9
2389 6
2390 4
2391 5
2392 8
2393 8
2394 5
2395 8
2396 8
2397 8
2398 5
2399 8
2400 5
2401 5
2402 6
2403 7
2404 1
2405 4
2406 6
2407 7
2408 5
2409 5
2410 10
2411 10
2412 5
2413 2
2414 6
2415 4
2416 8
2417 11
2418 3
2419 8
2420 10
2421 6
2422 10
2423 6
2424 6
2425 14
2426 3
2427 2
2428 6
2429 2
2430 8
2431 4
2432 6
2433 6
2434 5
2435 8
2436 6
2437 8
2438 6
2439 4
2440 7
2441 8
2442 7
2443 4
2444 6
2445 9
2446 9
2447 5
2448 8
2449 9
2450 4
2451 9
2452 9
2453 6
2454 7
2455 4
2456 8
2457 6
2458 7
2459 6
2460 8
2461 5
2462 3
2463 4
2464 10
2465 6
2466 5
2467 2
2468 9
2469 7
2470 8
2471 9
2472 3
2473 5
2474 11
2475 5
2476 3
2477 9
2478 9
2479 5
2480 6
2481 12
2482 2
2483 8
2484 7
2485 10
2486 7
2487 9
2488 8
2489 6
2490 9
2491 6
2492 6
2493 4
2494 7
2495 7
2496 6
2497 5
2498 3
2499 5
2500 6
2501 6
2502 9
2503 6
2504 9
2505 6
